#11 4.847414e+04
0.000000000000000000e+00 0.000000000000000000e+00 8.076823997532370236e-02 0.000000000000000000e+00 0.000000000000000000e+00
2.062955629622844445e-05 4.847413999799999874e+04 -2.558078410550056712e-03 1.587244052142913926e-03 1.071656836373086037e+02
4.125911259245688891e-05 2.423706999899999937e+04 -4.360030063539673505e-03 5.487535423330680388e-03 5.808481422219541628e+02
6.188866888868534014e-05 1.615804666599999837e+04 1.143135129243723347e-02 -2.787261338209977984e-02 1.073131911265733288e+04
8.251822518491377782e-05 1.211853499949999969e+04 1.096238598965579205e-03 -5.944903955829246994e-03 4.321058388501144236e+02
1.031477814811422290e-04 9.694827999600000112e+03 1.152042705075993561e-04 -4.057753679890303659e-03 1.948497393398786244e+02
1.237773377773706803e-04 8.079023332999999184e+03 1.782896730195477611e-03 -2.726186192269769567e-04 3.846521540708245368e+01
1.444068940735991180e-04 6.924877142571428521e+03 1.709889814552609309e-04 -9.385882577642609649e-04 1.076237917260163712e+01
1.650364503698275556e-04 6.059267499749999843e+03 4.240348482252302015e-03 -2.455856657483592928e-03 2.839246040662626456e+02
1.856660066660560204e-04 5.386015555333332486e+03 5.987066737916885237e-04 -1.089351469764494569e-03 1.827028578611683329e+01
2.062955629622844581e-04 4.847413999800000056e+03 5.464010283242444954e-04 -1.185707845859395801e-03 2.015415705403176716e+01
