#20 4.847414e+04
0.000000000000000000e+00 0.000000000000000000e+00 2.163103804236068267e-02 0.000000000000000000e+00 0.000000000000000000e+00
2.062955629622844445e-05 4.847413999799999874e+04 9.072421531833303309e-04 -5.928955052872895157e-04 1.388908053605760173e+01
4.125911259245688891e-05 2.423706999899999937e+04 1.069067251309781079e-03 -9.856761198958460726e-04 2.500221407718466438e+01
6.188866888868534014e-05 1.615804666599999837e+04 -3.556285411740950538e-03 8.229098586374073224e-03 9.502693737316076295e+02
8.251822518491377782e-05 1.211853499949999969e+04 -8.674998550856733662e-04 1.338183373020440008e-03 3.007284758615447373e+01
1.031477814811422290e-04 9.694827999600000112e+03 3.028057943533337196e-03 3.618769988355589624e-03 2.632655593266028404e+02
1.237773377773706803e-04 8.079023332999999184e+03 2.833340168184089649e-04 1.077115634407008497e-03 1.466763171420083900e+01
1.650364503698275556e-04 6.059267499749999843e+03 -2.196161399784905561e-03 1.478587801166861976e-03 8.288121141659161140e+01
2.269251192585128958e-04 4.406739999818181786e+03 -3.095166175459777565e-04 1.136400506120205291e-03 1.640286477327892101e+01
2.475546755547413606e-04 4.039511666499999592e+03 -7.782282265613205434e-04 9.510237720384642508e-04 1.785583025080266140e+01
2.681842318509697711e-04 3.728779999846154169e+03 4.041084643893171763e-04 8.545824002513382556e-04 1.056644416014214372e+01
2.888137881471982359e-04 3.462438571285714261e+03 -8.878858953137905405e-05 1.137114237657725797e-03 1.538248609037247228e+01
3.094433444434267007e-04 3.231609333199999583e+03 -4.057483183407176565e-05 3.245057556566892810e-03 1.245349480243884557e+02
3.507024570358835761e-04 2.851419999882352840e+03 9.881988754385632491e-04 -8.702166275749886578e-04 2.050128334404053732e+01
3.713320133321120408e-04 2.693007777666666243e+03 -4.295451533344333585e-03 -3.486660685677015967e-03 3.619172916476886712e+02
4.125911259245689162e-04 2.423706999900000028e+03 5.910281216299311229e-04 -7.118740920282792383e-04 1.012260682629465336e+01
4.332206822207973810e-04 2.308292380857142689e+03 -9.401748546784352307e-04 6.217139563414502334e-04 1.502237206911433987e+01
4.744797948132542563e-04 2.107571304260869510e+03 -4.850508777388573447e-04 -1.290809594364963030e-03 2.248363864534497125e+01
1.712253172586960951e-03 5.840257831084337568e+02 -1.275783636509849987e-03 2.426034843524238721e-04 1.994159196591079208e+01
2.661212762213469463e-03 3.757685271162790741e+02 1.179576435218803376e-03 -7.882794059890403660e-04 2.379994361902359046e+01
