#23 4.847414e+04
0.000000000000000000e+00 0.000000000000000000e+00 4.218036150524371447e-02 0.000000000000000000e+00 0.000000000000000000e+00
2.062955629622844445e-05 4.847413999799999874e+04 1.672175177274470197e-03 -7.547712740034345259e-04 3.979909865185521056e+01
4.125911259245688891e-05 2.423706999899999937e+04 2.346803414045497711e-03 -3.151027797729857687e-03 1.825266672841746072e+02
6.188866888868534014e-05 1.615804666599999837e+04 -6.106483992385228037e-03 1.522708343203441061e-02 3.182571122435718280e+03
8.251822518491377782e-05 1.211853499949999969e+04 -3.358155897497461045e-04 2.651635003158180157e-03 8.447269695570577142e+01
1.031477814811422290e-04 9.694827999600000112e+03 1.729916744161013155e-03 3.228263947121835700e-03 1.586158416370476232e+02
1.237773377773706803e-04 8.079023332999999184e+03 1.840080600369450783e-03 1.912116574312537143e-03 8.326833738953249053e+01
1.444068940735991180e-04 6.924877142571428521e+03 2.695311495905637015e-03 -2.044394139978398403e-05 8.590559614123975507e+01
1.650364503698275556e-04 6.059267499749999843e+03 -1.003215582632212624e-02 4.388700597933330172e-03 1.417800972505927348e+03
1.856660066660560204e-04 5.386015555333332486e+03 -1.262239710258687871e-03 9.879431854575976540e-04 3.038016434963235923e+01
2.269251192585128958e-04 4.406739999818181786e+03 -7.135109276264554575e-04 2.770343619852045323e-03 9.676959941654098429e+01
3.094433444434267007e-04 3.231609333199999583e+03 3.324803536272260412e-04 -1.636899385857399237e-03 3.298982919784737078e+01
3.300729007396551113e-04 3.029633749874999921e+03 -9.938802084788272376e-04 1.515566426849134472e-03 3.884002239281388569e+01
3.507024570358835761e-04 2.851419999882352840e+03 -4.131867531654821952e-04 1.067250921149689351e-03 1.548696184165617318e+01
3.713320133321120408e-04 2.693007777666666243e+03 2.074858350166087649e-04 1.045438934760897255e-03 1.343241728874695617e+01
3.919615696283404514e-04 2.551270526210526441e+03 -1.898082396310779704e-04 1.324535889597209647e-03 2.117064394704602748e+01
4.125911259245689162e-04 2.423706999900000028e+03 -3.514309829982384327e-04 8.908805471889191026e-04 1.084499302284863198e+01
4.744797948132542563e-04 2.107571304260869510e+03 6.819155916721400805e-05 9.411534504168714635e-04 1.052866733468141724e+01
1.588475834809590379e-03 6.295342856883116838e+02 -1.433512032195429495e-04 9.397626613229337171e-04 1.068573679577645663e+01
1.650364503698275665e-03 6.059267499750000070e+02 1.920773381859082517e-03 2.518893175900987266e-03 1.186481587339724513e+02
1.670994059994504021e-03 5.984461728148148723e+02 -9.449168360886175738e-04 -1.628299889631185928e-03 4.190831885720879058e+01
1.712253172586960951e-03 5.840257831084337568e+02 -1.781374367243655039e-03 -5.614147843096586844e-05 3.755952478182805976e+01
1.815400954068103166e-03 5.508424999772727233e+02 -7.692914446512626051e-04 -5.212028256565465114e-04 1.020990328709797978e+01
