#27 4.847414e+04
0.000000000000000000e+00 0.000000000000000000e+00 4.239549228871065945e-02 0.000000000000000000e+00 0.000000000000000000e+00
2.062955629622844445e-05 4.847413999799999874e+04 1.288393381471298000e-03 -8.922107095230491980e-04 2.904065824611492985e+01
4.125911259245688891e-05 2.423706999899999937e+04 2.140829150543669887e-03 -2.890492397413331992e-03 1.529850188614453828e+02
6.188866888868534014e-05 1.615804666599999837e+04 -6.196882173349292297e-03 1.521348206262429850e-02 3.190826535754903944e+03
8.251822518491377782e-05 1.211853499949999969e+04 -5.749973213438054577e-04 2.775896659725098688e-03 9.502340469194078310e+01
1.031477814811422290e-04 9.694827999600000112e+03 1.818838697374493794e-03 3.582960865885667905e-03 1.909139435677557231e+02
1.237773377773706803e-04 8.079023332999999184e+03 1.640673168337781042e-03 1.857114709801374781e-03 7.260980268641539226e+01
1.444068940735991180e-04 6.924877142571428521e+03 2.284484736645041227e-03 2.736044305728701012e-04 6.259509773409917699e+01
1.650364503698275556e-04 6.059267499749999843e+03 -8.991398807070729096e-03 4.025126156230616516e-03 1.147519778324447088e+03
1.856660066660560204e-04 5.386015555333332486e+03 -1.269744180865822053e-03 9.118263455482911737e-04 2.889498317317518428e+01
2.269251192585128958e-04 4.406739999818181786e+03 -6.508465401228858251e-04 2.496963776287396391e-03 7.873182843252615726e+01
2.475546755547413606e-04 4.039511666499999592e+03 -3.582551399710675374e-04 9.840718551342444390e-04 1.296832466232314651e+01
3.300729007396551113e-04 3.029633749874999921e+03 -6.698812130891586150e-04 1.224166180453271956e-03 2.302590390298337653e+01
3.507024570358835761e-04 2.851419999882352840e+03 -3.391806642497599751e-04 8.645381641915506369e-04 1.019817406593745979e+01
3.919615696283404514e-04 2.551270526210526441e+03 -9.509720659461046578e-05 9.296432757314323321e-04 1.032599966458378660e+01
1.567846278513361806e-03 6.378176315526316102e+02 -9.280222934904964723e-04 -8.144682699798054884e-04 1.802726670931265218e+01
1.588475834809590379e-03 6.295342856883116838e+02 2.348036523437312063e-04 -1.611650607747730241e-03 3.136477626809094588e+01
1.609105391105818735e-03 6.214633333076923236e+02 -1.546907739920445803e-03 1.235609559103517533e-03 4.634750236890147335e+01
1.629734947402047092e-03 6.135967088354431098e+02 -1.161638254724308046e-03 -1.813410214348223998e-05 1.595975345668778367e+01
1.650364503698275665e-03 6.059267499750000070e+02 -4.359708500664650696e-03 -5.248301426138590915e-03 5.504455081947996860e+02
1.670994059994504021e-03 5.984461728148148723e+02 2.137084437059636344e-03 4.171369889391636152e-03 2.597516538604651828e+02
1.691623616290732594e-03 5.911480487560975234e+02 1.460891624475113082e-03 1.711312501254519435e-03 5.986443254203250319e+01
1.712253172586960951e-03 5.840257831084337568e+02 4.538432238718974505e-03 5.041300096420749935e-04 2.465563219236517227e+02
1.732882728883189524e-03 5.770730952142856722e+02 -1.462162333726946338e-04 1.081672514715662338e-03 1.408750803073111690e+01
1.753512285179417880e-03 5.702839999764705681e+02 -3.131025528377950179e-04 1.484034371879000645e-03 2.720071035087825351e+01
1.815400954068103166e-03 5.508424999772727233e+02 1.879574960995530723e-03 1.660131320999103186e-03 7.436163900728257659e+01
2.989222707323501912e-02 3.345351276604554869e+01 -9.195891509653474896e-04 -1.804312751993426649e-04 1.038417034879560319e+01
