#23 4.847414e+04
0.000000000000000000e+00 0.000000000000000000e+00 2.234726156693400689e-02 0.000000000000000000e+00 0.000000000000000000e+00
4.125911259245688891e-05 2.423706999899999937e+04 1.036055006821520914e-03 -1.228699734622692519e-03 3.054372149657223190e+01
6.188866888868534014e-05 1.615804666599999837e+04 -4.101570648686702139e-03 9.501875292380008997e-03 1.266492274730639338e+03
8.251822518491377782e-05 1.211853499949999969e+04 -1.034308929803479929e-03 1.708452367567258158e-03 4.716279268862638219e+01
1.031477814811422290e-04 9.694827999600000112e+03 2.519349868901309564e-03 3.312340557621341885e-03 2.047832484516695217e+02
1.237773377773706803e-04 8.079023332999999184e+03 4.689558455370757516e-04 1.419305989323541321e-03 2.641980258649153157e+01
1.444068940735991180e-04 6.924877142571428521e+03 8.416825157879509337e-04 6.441175058175061929e-04 1.328252997943284441e+01
1.650364503698275556e-04 6.059267499749999843e+03 -2.987296601080006043e-03 1.848784526150356157e-03 1.459359056049934793e+02
2.269251192585128958e-04 4.406739999818181786e+03 -4.119225922649731261e-04 1.475982660635089851e-03 2.776607923657492805e+01
2.475546755547413606e-04 4.039511666499999592e+03 -8.927134403579824488e-04 1.140460942256519596e-03 2.480269232491510678e+01
2.681842318509697711e-04 3.728779999846154169e+03 2.026373515581592164e-04 1.133495043404019083e-03 1.567763108204800915e+01
2.888137881471982359e-04 3.462438571285714261e+03 -7.006885062285015927e-05 1.326588888911998118e-03 2.086705563422222554e+01
3.094433444434267007e-04 3.231609333199999583e+03 1.333226158297488241e-05 3.611476814130276831e-03 1.542247674648328655e+02
3.507024570358835761e-04 2.851419999882352840e+03 9.515011675035905296e-04 -6.541398290227032212e-04 1.576490069179140718e+01
3.713320133321120408e-04 2.693007777666666243e+03 -3.003219145650846099e-03 -2.626279800861682553e-03 1.882048358446060377e+02
4.332206822207973810e-04 2.308292380857142689e+03 -7.822019161359939450e-04 4.877975658948210122e-04 1.004819998831990446e+01
4.744797948132542563e-04 2.107571304260869510e+03 -4.567950908467533172e-04 -1.195681492069159812e-03 1.937207814502981407e+01
2.599324093324784177e-03 3.847153968095237815e+02 1.368019832236908560e-03 1.519807880852621067e-03 4.944123099171152091e+01
2.619953649621012751e-03 3.816861417165354169e+02 -4.261391572959372554e-04 1.002820083164504767e-03 1.403841418646394423e+01
2.640583205917240890e-03 3.787042187343749902e+02 1.093735981158764888e-03 8.986894660605802528e-05 1.424051802625275798e+01
2.661212762213469463e-03 3.757685271162790741e+02 -2.213388249798947313e-03 1.582367692949333869e-03 8.753562355379806093e+01
2.681842318509698037e-03 3.728779999846153714e+02 -1.338538160653826841e-03 -1.797778214132933646e-04 2.156773021372603338e+01
2.702471874805926176e-03 3.700316030381679298e+02 -6.421006446633168102e-04 -1.064769368653288367e-03 1.828081824284304346e+01
